Num of classes are: 8
--------- State Names -------------
0
2
1
3
1
7
7
1
4
5
6
4
1

-------- Iteration 1 ---------
0	0
1	1
1	0
1	1
1	0
1	0
1	0
1	0
1	1
1	1
1	1
1	1
1	0

-------- Iteration 2 ---------
2	0
1	1
1	0
1	1
1	0
1	0
1	0
1	0
1	1
1	1
1	1
1	1
1	0

-------- Iteration 3 ---------
2	0
1	3
1	0
1	1
1	0
3	0
3	0
1	0
1	3
3	1
3	3
1	3
1	0

-------- Iteration 4 ---------
2	0
1	3
1	0
1	1
1	0
4	0
4	0
1	0
1	5
6	1
4	5
1	5
1	0

-------- Iteration 5 ---------
2	0
1	3
1	0
7	7
1	0
4	0
4	0
1	0
1	5
6	7
4	5
1	5
1	0

